0
0
0
0
0
0
5
5
5
5
6
6
7
8
11
69
69
69
69
69
69
69
69
69
69
69
13
12
12
12
12
12
12
12
12
13
14
14
14
16
16
18
17
19
20
23
26
29
40
40
39
41
41
43
42
40
23
21
17
13
2
0
0
0
0
4
4
5
5
5
5
6
8
9
16
69
69
69
69
69
69
69
69
69
69
16
13
13
13
12
12
12
12
12
12
12
12
12
12
12
13
13
13
13
13
15
16
17
20
24
34
35
36
14
16
20
24
26
27
11
10
8
6
3
0
0
0
4
4
4
5
5
5
6
7
9
11
69
69
69
69
69
69
69
69
69
69
69
15
12
12
12
11
11
11
10
11
10
9
9
11
11
13
15
16
17
21
26
35
34
33
32
31
29
27
25
23
21
18
12
0
0
0
0
0
4
4
5
5
5
5
6
8
9
16
69
69
69
69
69
69
69
69
69
69
16
13
13
13
12
12
12
12
12
12
12
12
12
12
12
13
13
13
13
13
15
16
17
20
24
34
35
36
14
16
20
24
26
27
11
10
8
6
3
0
0
0
0
5
5
5
5
6
6
7
8
11
24
69
69
69
69
69
69
69
69
69
69
11
9
8
7
7
7
7
7
7
6
4
4
4
4
4
4
4
4
4
4
4
4
4
4
4
5
5
5
6
7
8
10
12
16
16
12
0
0
0
0
5
5
5
5
6
6
7
8
11
24
69
69
69
69
69
69
69
69
69
69
20
15
14
13
13
12
11
12
12
11
7
7
7
6
7
7
7
7
7
7
6
11
12
12
11
12
13
12
14
16
20
69
69
69
69
69
69
69
69
69
69
69
12
8
7
6
6
5
5
5
5
3
0
0
0
0
13
16
16
11
9
8
7
6
6
5
5
5
5
5
7
6
7
7
7
7
7
8
9
14
69
69
69
69
69
69
69
69
69
69
11
9
8
7
7
7
7
6
6
6
5
5
5
5
5
6
6
7
8
9
11
15
16
16
0
0
0
0
4
4
5
5
5
5
6
8
9
16
69
69
69
69
69
69
69
69
69
69
16
13
13
13
12
12
12
12
12
12
12
12
12
12
12
13
13
13
13
13
15
16
17
20
24
34
35
36
14
16
20
24
26
27
11
10
8
6
3
0
0
0
0
0
0
0
0
0
0
0
0
0
0
0
0
0
0
0
0
0
0
0
0
0
0
0
0
0
4
4
4
5
5
5
6
7
9
11
69
69
69
69
69
69
69
69
69
69
69
15
14
13
13
13
13
12
12
12
12
13
13
13
13
13
14
15
17
17
18
21
22
24
26
30
34
39
53
53
62
59
58
56
53
50
46
40
34
25
18
14
8
0
0
0
0
0
0
0
0
0
0
0
0
0
0
0
0
0
0
0
0
0
0
0
0
0
0
0
0
0
0
0
0
0
2
18
26
31
36
40
42
46
48
50
52
54
56
39
33
28
24
23
21
19
18
16
16
14
13
14
13
12
11
10
11
10
10
10
10
10
9
9
9
9
10
9
9
8
9
10
8
10
10
9
11
11
11
11
15
16
19
24
27
29
20
4
2
0
0
0
0
0
4
4
5
5
5
5
6
8
9
16
69
69
69
69
69
69
69
69
69
69
16
13
13
13
12
12
12
12
12
12
12
12
12
12
12
13
13
13
13
13
15
16
17
20
24
34
35
36
14
16
20
24
26
27
11
10
8
6
3
0
0
0
0
5
5
5
5
6
6
7
8
11
69
69
69
69
69
69
69
69
69
69
69
13
12
12
12
12
12
12
12
12
13
14
14
14
16
16
18
17
19
20
23
26
29
40
40
39
41
41
43
42
40
23
21
17
13
2
0
0
0
0
0
4
4
5
5
5
5
6
8
9
16
69
69
69
69
69
69
69
69
69
69
16
13
13
13
12
12
12
12
12
12
12
12
12
12
12
13
13
13
13
13
15
16
17
20
24
34
35
36
14
16
20
24
26
27
11
10
8
6
3
0
0
0
0
0
0
0
0
0
0
0
0
0
0
0
0
0
0
0
0
0
0
0
0
0
0
0
2
0
0
2
2
3
3
3
4
5
30
36
38
39
40
41
41
42
42
43
43
18
13
11
10
10
8
8
8
8
8
6
6
6
5
5
6
10
10
10
10
11
11
12
13
14
22
69
69
69
69
69
69
69
69
69
69
14
10
8
7
6
5
5
5
5
5
0
0
0
4
4
5
5
5
5
6
8
9
16
69
69
69
69
69
69
69
69
69
69
16
13
13
13
12
12
12
12
12
12
12
12
12
12
12
13
13
13
13
13
15
16
17
20
24
34
35
36
14
16
20
24
26
27
11
10
8
6
3
0
6
9
9
10
11
11
11
11
10
9
8
8
10
10
9
10
11
11
12
15
19
31
60
57
54
48
38
4
4
4
4
4
4
4
4
4
4
4
7
7
7
7
7
7
8
8
10
14
69
69
69
69
69
69
69
69
69
69
14
9
8
6
6
5
5
5
5
4
0
0
0
0
5
20
27
32
36
39
43
46
49
51
53
55
57
38
29
27
23
19
19
15
15
13
13
12
10
10
10
10
9
9
9
9
8
9
9
8
9
9
9
9
10
10
10
11
12
12
13
14
14
17
17
20
22
27
31
40
56
54
52
50
47
44
42
38
34
30
24
18
0
0
0
0
0
4
4
4
5
5
5
6
7
9
11
69
69
69
69
69
69
69
69
69
69
69
15
14
13
13
13
13
12
12
12
12
13
13
13
13
13
14
15
17
17
18
21
22
24
26
30
34
39
53
53
62
59
58
56
53
50
46
40
34
25
18
14
8
0
0
0
0
0
0
0
4
4
5
5
5
5
6
8
9
16
69
69
69
69
69
69
69
69
69
69
16
13
13
13
12
12
12
12
12
12
12
12
12
12
12
13
13
13
13
13
15
16
17
20
24
34
35
36
14
16
20
24
26
27
11
10
8
6
3
0
0
0
0
5
5
5
5
6
6
7
8
11
24
69
69
69
69
69
69
69
69
69
69
19
14
12
12
12
11
12
14
16
17
15
16
19
19
21
23
23
25
26
28
30
29
30
30
27
28
24
24
24
23
22
22
20
20
19
19
17
16
17
16
14
13
11
9
3
3
3
2
3
3
3
4
4
5
6
8
9
11
14
16
18
21
19
17
17
16
16
17
17
18
19
17
17
18
17
17
18
17
17
18
17
18
23
26
28
31
31
30
31
30
31
31
31
30
29
30
30
30
31
31
35
33
30
28
25
23
21
18
16
14
11
9
8
6
5
4
4
3
3
3
3
0
0
0
0
0
0
0
0
